# name: debug
# type: sparse matrix
# nnz: 9
# rows: 3
# columns: 3

1 1 47518616.036792375
2 1 47518616.036792375
3 1 47518616.036792360
1 2 47518616.036792375
2 2 47518616.036792375
3 2 47518616.036792353
1 3 47518616.036792375
2 3 47518616.036792368
3 3 47518616.036792360
